775
775
775
772
774
771
771
774
772
774
772
771
767
769
770
772
772
774
771
771
771
768
766
761
763
762
759
756
758
755
752
755
755
752
754
752
751
747
750
750
747
749
750
750
750
752
752
754
750
748
743
738
737
735
734
734
739
740
742
742
744
744
741
744
744
744
747
745
747
745
746
749
749
748
746
745
744
742
745
745
741
737
740
743
741
743
741
741
743
743
741
740
740
741
743
744
746
749
749
746
748
748
746
749
749
749
753
753
752
750
752
753
755
755
757
755
757
754
751
755
756
755
755
758
754
753
751
753
751
753
751
750
746
748
749
753
750
750
753
751
750
750
753
749
748
746
748
749
749
748
746
745
745
745
744
742
746
747
749
747
749
747
746
746
746
741
740
741
741
740
738
737
733
731
733
733
735
737
740
743
741
743
744
749
749
744
743
744
745
747
748
748
748
748
746
746
744
746
744
747
747
747
747
747
751
751
751
751
750
751
751
751
751
749
749
747
749
747
747
749
746
746
746
745
746
746
746
749
747
749
747
750
753
751
751
753
751
750
750
750
749
747
746
746
749
747
749
744
739
738
739
739
735
735
735
731
731
734
732
735
738
736
738
736
738
736
738
736
738
736
736
738
734
730
730
734
738
735
735
738
740
742
742
744
742
744
745
747
750
750
750
750
750
751
753
751
753
751
754
757
754
751
753
754
754
753
754
760
761
760
759
757
759
758
755
752
754
751
748
746
745
743
744
743
745
743
743
745
746
749
753
754
756
753
750
752
752
750
750
752
749
749
749
744
743
741
743
741
744
744
743
744
744
741
744
747
749
755
755
755
756
755
755
755
755
759
759
759
763
767
764
761
764
764
761
759
758
756
755
751
755
756
758
755
752
755
755
754
752
754
752
755
755
754
752
754
752
754
755
755
755
757
760
763
760
760
764
764
761
759
759
762
760
760
762
760
762
760
759
759
759
759
763
763
759
759
759
759
759
759
763
763
761
758
758
758
754
750
752
749
749
752
750
751
754
754
754
758
758
757
755
757
755
758
761
762
760
762
760
762
760
759
759
759
755
751
756
761
762
764
765
765
762
764
762
764
762
763
766
769
767
770
770
770
770
766
762
759
753
755
752
749
751
748
748
751
749
752
755
751
750
751
753
756
759
755
754
755
755
755
758
756
758
756
755
755
755
755
758
753
751
751
753
753
750
748
747
745
744
740
742
738
737
735
734
728
727
728
729
728
727
725
727
728
728
727
725
727
724
724
724
724
724
723
724
728
724
720
716
713
712
713
713
710
713
713
713
713
713
714
716
713
713
714
713
713
713
713
713
713
716
714
718
719
721
721
719
721
718
718
721
719
721
719
721
722
723
725
726
730
733
739
737
739
737
739
739
737
739
735
734
732
735
738
739
737
736
736
736
736
737
739
736
736
736
736
736
735
733
733
735
736
737
739
737
740
740
735
734
732
732
734
732
735
735
735
738
739
737
741
742
741
740
741
741
738
736
736
739
737
737
739
738
739
742
742
739
742
742
741
742
742
739
741
740
737
734
737
737
737
737
736
737
737
733
733
733
730
733
736
733
730
733
733
730
732
729
729
732
733
731
731
733
731
735
736
738
735
735
736
735
735
735
735
735
732
734
731
728
730
731
731
731
732
734
730
729
727
727
729
730
732
735
735
734
732
732
734
731
731
731
731
731
731
731
731
734
732
732
734
735
738
739
738
740
738
740
736
735
736
740
738
739
738
740
738
740
739
736
736
736
736
736
736
738
741
744
742
741
740
741
742
741
741
742
741
739
736
736
736
733
735
732
732
736
736
732
732
735
733
732
732
732
732
733
732
731
732
737
737
736
734
734
736
734
733
733
736
737
740
743
741
743
744
748
746
747
750
753
751
755
756
758
756
758
756
758
752
746
740
739
737
736
732
730
732
733
733
733
733
731
731
729
733
737
737
737
740
737
737
738
737
736
734
737
737
733
729
726
725
723
723
725
723
725
723
725
726
726
725
726
730
728
730
726
725
723
725
722
719
721
719
718
718
721
717
713
713
716
714
719
724
725
724
723
724
730
731
730
730
734
734
734
734
734
737
735
737
736
733
733
733
729
725
727
724
724
724
724
725
727
725
727
728
732
729
729
729
729
731
731
733
732
729
726
728
729
733
731
733
729
725
725
728
726
728
726
729
732
733
731
734
737
739
745
745
745
745
742
740
739
737
739
740
740
738
735
735
740
741
743
740
737
739
737
736
734
734
736
736
736
736
736
737
739
739
737
739
737
736
736
736
736
737
739
736
736
736
733
736
739
737
736
736
740
740
737
735
735
736
735
731
730
733
736
738
738
738
741
739
741
742
742
739
741
739
738
738
738
735
737
734
734
734
733
731
730
726
725
728
728
725
727
724
724
724
721
723
721
723
721
721
719
719
723
723
720
722
720
719
717
717
715
718
721
723
724
726
727
729
729
731
731
729
732
732
732
732
729
731
732
736
739
740
742
740
744
748
752
750
752
750
752
749
749
749
748
746
745
741
744
747
748
746
749
749
745
741
743
739
735
731
733
730
730
730
726
726
726
722
722
723
725
726
726
723
725
723
725
723
725
723
722
721
722
723
725
723
726
726
722
718
720
721
721
719
719
721
721
720
718
717
712
712
713
715
713
712
710
710
708
707
706
704
706
707
707
707
713
719
720
719
718
716
718
719
719
719
723
723
723
723
719
719
722
720
722
720
722
722
724
724
723
724
724
724
724
722
719
719
722
724
724
724
725
727
725
727
723
722
723
723
723
724
726
727
727
726
724
727
727
726
724
726
724
723
722
720
720
722
719
719
719
717
714
714
718
722
719
719
719
719
719
719
722
723
721
724
727
724
724
728
732
729
726
725
727
728
729
731
728
725
727
724
724
724
724
724
723
721
723
721
723
721
723
724
729
734
732
732
734
731
728
727
729
727
729
727
727
729
726
726
726
726
729
726
726
729
731
736
734
733
733
733
733
733
730
732
730
730
732
730
729
725
727
724
724
724
724
724
724
727
729
729
726
728
726
728
726
728
725
722
725
725
723
723
721
723
721
720
716
718
714
713
714
718
714
713
711
710
710
711
713
710
710
710
707
710
713
712
713
710
710
710
709
710
710
710
715
716
715
715
716
718
715
712
716
717
719
720
720
720
720
720
720
717
719
717
719
720
724
725
722
722
724
724
726
723
720
723
726
728
728
724
720
722
723
724
726
723
723
724
726
727
727
725
722
722
722
722
722
722
722
719
723
724
723
718
713
711
707
709
709
707
706
705
706
707
709
710
710
710
711
713
713
715
715
713
710
710
713
711
713
710
707
709
710
711
713
711
710
710
710
710
710
709
707
711
712
714
714
712
713
716
719
717
720
723
720
720
724
724
721
719
718
716
718
716
718
722
726
726
725
726
730
728
730
728
731
734
730
726
726
726
724
724
722
724
720
716
716
719
717
721
722
721
721
724
721
721
721
718
721
721
718
716
711
713
711
710
707
703
699
695
692
692
698
700
703
706
701
699
699
697
699
697
699
699
697
700
700
700
703
705
705
702
700
700
700
700
700
697
699
697
701
702
701
701
701
697
693
695
696
696
693
696
699
693
690
686
685
683
683
685
683
685
683
682
682
683
685
683
685
686
686
682
678
680
678
681
684
681
678
680
678
681
681
678
681
681
677
673
672
675
678
679
677
677
679
676
673
675
676
680
677
674
677
680
676
675
673
675
676
680
681
678
678
680
683
683
680
676
675
676
676
676
677
679
677
676
672
674
672
674
672
672
674
671
668
666
666
666
663
666
666
665
663
662
662
667
672
672
672
676
676
671
670
668
671
671
669
669
667
669
670
671
673
670
670
670
667
671
672
671
667
671
672
671
671
671
671
671
670
671
671
671
671
671
671
671
671
671
673
676
679
677
679
680
680
676
672
675
675
675
678
676
675
674
672
671
666
666
666
665
666
666
666
669
666
666
666
666
666
663
665
662
662
662
656
654
651
648
651
651
650
648
647
641
640
641
641
638
634
633
634
634
631
633
634
634
631
627
623
623
628
629
631
628
625
627
625
625
627
628
629
631
632
633
635
632
629
627
625
625
627
627
624
626
627
635
638
639
638
640
637
637
640
638
637
634
630
629
627
630
633
631
630
630
630
625
624
622
625
628
626
626
628
629
634
634
631
629
629
629
629
632
630
632
630
629
629
633
637
639
643
644
643
643
643
640
642
640
643
646
643
640
642
640
642
638
637
635
634
629
624
626
627
631
634
635
637
635
638
638
635
637
634
631
629
629
630
632
629
626
628
626
628
626
625
625
630
631
633
634
634
633
631
633
630
630
631
630
629
630
630
627
629
627
629
630
630
627
630
630
630
630
629
627
626
626
627
629
627
626
626
627
626
626
626
626
630
630
630
633
631
631
633
631
631
628
628
628
628
629
631
628
625
628
628
624
624
627
629
632
636
637
639
637
636
632
635
635
634
632
631
626
626
627
626
624
624
622
624
621
618
616
616
619
621
629
631
631
629
622
621
619
622
622
622
623
622
621
619
618
618
620
623
626
624
623
617
611
611
612
614
609
607
604
604
605
607
604
601
603
601
604
604
602
602
600
603
606
603
603
605
605
603
603
608
609
608
608
611
608
608
611
609
611
608
608
608
608
608
607
605
609
610
612
610
612
612
614
615
614
610
613
616
613
610
608
608
609
611
609
611
609
612
612
609
612
615
617
624
625
627
624
624
624
620
620
621
623
621
623
623
621
624
627
625
626
629
629
626
628
626
628
629
629
627
624
621
623
620
620
620
619
617
619
620
620
620
622
622
624
622
621
617
615
617
614
611
609
609
610
612
609
609
609
605
605
609
613
616
616
613
615
613
609
605
605
608
610
610
610
611
610
608
605
602
600
600
603
600
597
600
603
603
605
603
602
596
595
593
595
596
596
595
593
592
592
592
592
594
597
597
596
594
595
594
596
597
597
594
596
594
593
593
594
593
592
590
589
588
589
589
589
591
591
589
588
589
590
589
589
589
586
585
582
579
582
585
582
579
581
578
578
578
578
578
578
583
588
593
591
590
590
594
598
601
601
600
598
600
601
602
604
602
602
600
599
597
600
603
601
604
604
601
603
608
613
614
616
614
616
614
613
608
608
608
604
604
607
607
604
604
608
608
604
600
602
602
600
604
605
607
605
607
605
605
607
605
601
600
598
600
598
600
599
600
598
597
593
595
595
593
596
596
596
596
593
589
585
585
585
585
588
590
590
590
590
590
591
593
594
595
597
595
597
598
603
603
603
603
602
603
604
606
603
600
602
600
599
595
597
597
595
597
598
598
593
592
590
589
589
592
590
592
590
592
590
592
593
594
593
592
590
592
590
590
592
589
589
590
592
590
593
593
588
587
588
588
588
589
591
591
593
598
595
595
598
599
597
596
595
593
596
596
593
591
586
590
591
593
593
595
595
595
598
596
599
599
595
595
599
599
599
599
599
599
599
602
600
600
602
603
603
601
598
598
599
601
600
597
594
596
593
593
596
593
590
594
595
597
598
598
595
597
594
594
594
591
587
586
587
593
594
596
593
593
597
597
594
592
586
586
589
586
586
586
582
582
582
582
585
587
594
595
597
595
595
597
595
597
595
597
598
598
598
598
594
594
595
597
595
597
598
599
598
595
591
590
588
591
591
588
590
587
587
587
585
582
582
585
587
587
587
587
584
582
582
583
585
581
580
578
581
584
581
581
582
584
582
586
587
586
586
587
586
581
581
585
585
582
584
581
581
584
582
581
581
582
581
579
576
576
579
577
579
579
577
579
577
579
576
576
576
575
573
575
572
572
572
572
572
568
564
567
567
567
570
567
564
566
563
563
563
559
559
564
565
567
565
564
560
564
568
568
565
567
565
569
570
569
569
570
572
570
572
576
577
576
576
579
581
582
581
577
577
581
582
581
581
584
586
587
589
588
585
585
585
582
580
580
580
580
581
583
580
580
583
581
584
587
585
588
588
584
584
587
585
587
584
581
583
581
582
581
578
578
578
575
573
566
565
566
570
568
567
567
567
567
567
567
567
564
566
564
563
562
560
563
563
563
564
566
564
563
562
563
563
563
566
563
560
562
560
562
558
557
558
558
558
562
562
562
566
566
566
566
563
566
566
564
561
558
560
559
556
556
559
557
559
560
560
559
560
560
557
559
557
559
557
561
562
564
562
561
557
560
563
561
565
566
565
565
565
565
565
565
569
573
571
573
570
570
570
567
569
570
574
572
574
575
579
576
576
580
580
580
581
583
581
585
589
589
586
584
583
581
583
584
584
584
584
583
581
583
581
584
584
581
577
576
577
577
577
581
581
581
585
585
585
587
587
589
590
594
592
591
590
588
590
591
593
596
596
596
596
593
596
599
597
597
599
596
596
599
597
596
595
593
593
591
591
592
591
591
595
595
593
593
591
594
594
594
597
595
594
594
598
602
605
611
609
612
612
612
613
615
612
609
607
607
607
607
610
608
611
611
611
611
607
607
608
607
607
608
607
607
610
606
605
606
608
611
611
607
607
610
612
613
615
613
616
616
612
612
615
610
608
605
602
600
600
603
600
597
601
605
605
601
597
600
603
600
597
599
597
599
597
599
599
602
605
603
606
606
605
606
607
606
606
606
603
606
606
606
606
606
606
605
603
605
602
599
601
601
603
603
601
598
595
597
594
594
600
602
602
604
602
602
604
601
598
602
603
605
603
607
608
610
608
607
605
602
602
602
599
601
599
598
597
595
595
597
594
591
593
591
591
593
594
594
590
590
590
590
591
593
591
593
591
590
590
590
586
586
588
588
590
590
592
593
592
592
592
592
592
588
588
591
589
591
589
588
587
588
592
590
593
593
593
593
589
585
584
581
583
581
583
584
584
582
579
576
579
579
579
583
587
584
584
586
589
592
589
589
593
593
592
590
589
589
592
594
596
599
599
596
595
592
592
593
592
591
589
591
591
589
588
583
583
585
585
583
578
581
581
578
580
578
577
577
580
578
578
580
577
574
572
571
569
571
569
570
573
573
573
573
569
569
573
573
570
572
573
574
576
576
578
578
578
578
578
581
579
579
577
577
580
578
578
580
578
580
578
580
581
585
582
579
582
585
583
585
583
585
583
586
589
591
592
594
593
590
587
589
589
587
590
590
586
586
590
590
589
587
590
590
587
589
589
587
587
589
590
590
590
591
590
589
587
586
585
583
585
582
582
582
577
576
577
578
577
576
574
573
571
568
568
568
568
571
573
581
583
586
589
586
586
587
586
583
582
579
579
582
580
579
578
579
579
579
584
585
587
588
588
588
589
588
587
588
588
585
587
584
581
580
582
583
584
586
584
584
586
587
589
589
587
587
589
589
591
589
589
587
585
585
583
587
588
590
591
591
591
594
591
591
592
594
593
590
587
590
593
591
591
593
590
590
594
594
590
586
588
585
582
581
578
572
575
575
575
576
578
576
578
576
578
576
575
575
578
576
577
580
580
576
576
578
578
580
581
581
580
578
580
577
577
581
581
581
584
580
579
577
579
580
580
578
575
572
574
575
575
575
578
580
580
580
583
580
577
579
576
576
576
575
573
575
576
577
579
580
580
580
583
585
585
581
581
585
585
582
582
585
585
584
582
582
580
579
580
582
582
580
580
583
581
583
582
583
586
590
592
592
595
595
595
598
595
595
596
595
591
594
597
593
592
593
593
590
592
591
588
588
589
588
588
592
592
592
592
592
597
598
597
593
595
596
596
595
593
592
592
597
598
600
597
597
597
593
589
591
588
588
591
589
591
589
588
588
588
588
588
588
592
592
592
596
596
593
595
593
593
595
593
595
593
592
592
592
592
592
592
592
591
589
589
591
592
592
592
592
592
592
592
592
592
592
592
593
592
592
595
597
602
600
599
599
599
598
599
599
598
596
595
595
600
601
603
599
593
587
585
585
583
585
581
577
577
582
583
585
583
582
582
583
582
582
582
581
579
578
578
581
583
583
583
583
583
586
583
583
583
583
584
586
586
584
586
590
591
590
589
587
589
587
589
587
589
590
590
590
593
594
592
595
595
592
590
589
590
590
590
590
589
590
594
592
595
595
595
598
596
599
602
600
604
608
608
608
612
612
611
612
612
609
608
610
608
604
600
600
604
608
606
605
605
609
609
609
609
606
609
609
606
608
608
606
610
611
613
614
614
613
611
613
611
614
614
614
614
614
617
615
617
615
614
609
609
613
613
608
607
608
609
611
609
612
612
612
616
616
612
612
616
616
615
613
615
613
612
611
612
616
614
617
617
616
614
613
612
613
617
615
617
618
618
618
618
618
622
622
618
618
618
614
610
617
621
626
631
632
634
632
632
630
628
625
622
621
623
624
628
626
628
628
626
629
634
636
639
639
635
631
633
631
631
628
625
629
633
637
634
634
634
631
627
623
623
627
627
624
623
625
622
619
622
622
622
624
624
622
617
614
616
614
615
618
621
622
625
625
624
622
627
632
633
635
636
640
638
640
637
637
638
640
637
637
637
637
637
636
634
638
639
638
633
633
636
634
633
629
626
625
626
629
633
637
637
633
633
633
629
625
627
628
628
628
629
631
631
633
634
636
637
642
642
642
646
646
646
649
646
643
642
644
644
642
644
645
645
642
640
640
640
639
637
639
637
636
636
640
644
642
644
642
642
644
643
640
640
643
644
642
642
640
640
643
641
644
647
645
647
647
645
645
643
643
643
642
640
641
644
644
644
647
645
651
657
659
662
662
659
657
657
657
652
651
649
651
649
650
653
653
649
649
649
649
652
654
655
657
658
663
663
661
658
658
658
656
656
658
658
657
655
654
653
651
654
657
655
654
650
652
653
654
653
651
651
649
649
651
648
648
651
646
644
644
642
646
647
649
647
649
646
646
646
645
646
648
651
651
645
643
640
640
