776
774
773
773
773
772
773
773
773
773
770
768
768
771
769
770
773
773
772
770
769
765
762
762
765
761
757
757
757
753
753
754
753
753
753
750
748
748
749
748
748
751
749
751
749
750
753
756
753
747
741
739
736
733
735
736
738
741
744
745
743
742
742
743
745
746
746
746
746
743
747
748
750
747
744
746
743
743
744
743
738
738
742
742
742
742
739
742
745
742
739
741
739
742
745
743
747
748
747
747
750
747
747
748
750
751
752
754
751
751
754
752
753
756
756
756
756
752
752
754
754
756
757
757
755
752
752
752
752
752
749
747
747
750
752
752
751
752
752
749
751
752
752
750
747
747
750
748
750
747
744
746
744
746
743
743
745
748
748
748
748
745
747
745
744
742
742
740
742
739
736
734
729
732
735
736
734
738
742
742
742
745
747
748
747
745
745
743
746
749
747
749
747
749
748
745
745
745
745
746
748
746
748
749
750
752
750
752
752
750
752
750
752
751
748
748
748
745
748
748
747
745
747
747
745
747
748
748
748
748
748
752
752
749
752
752
749
751
749
751
748
745
747
748
748
748
748
742
740
740
738
737
736
734
733
732
733
733
733
737
737
737
737
737
737
737
737
737
737
734
737
737
732
731
732
737
737
736
737
741
739
740
743
743
743
746
744
748
749
751
749
751
749
752
752
752
752
752
756
756
752
752
755
753
755
755
757
759
759
761
758
758
761
757
753
753
753
749
745
747
744
741
741
744
744
741
744
747
745
750
752
755
755
751
751
754
751
748
751
751
750
748
747
745
742
742
742
742
743
745
745
743
742
742
746
750
753
754
756
754
754
756
754
756
757
758
760
761
766
766
762
762
763
762
758
760
757
754
752
752
754
757
757
753
753
754
756
753
753
753
753
754
756
753
753
753
753
756
754
756
754
758
762
762
761
762
763
762
758
760
761
761
758
761
761
761
761
758
760
758
760
761
762
761
760
758
760
758
760
761
762
764
760
759
757
756
751
751
751
750
751
751
748
752
753
755
756
757
759
756
756
756
756
760
764
761
761
761
761
761
758
760
758
757
752
752
758
760
763
766
764
763
763
763
763
763
760
764
768
768
768
769
771
769
768
763
758
754
754
754
750
750
750
749
750
750
750
754
754
752
752
750
754
758
758
756
756
754
756
757
757
757
757
754
756
754
756
757
757
754
753
754
752
751
747
749
746
743
741
741
741
739
736
733
731
729
729
727
727
729
726
726
729
727
729
726
726
726
725
723
725
723
725
725
727
727
722
717
712
714
714
712
711
711
712
714
712
714
712
715
715
714
712
712
714
712
714
712
714
715
715
715
717
720
723
720
720
720
719
720
720
720
720
720
723
721
724
727
729
734
738
738
738
738
738
741
738
738
738
736
733
733
737
741
738
735
737
735
737
735
738
738
737
735
737
735
737
734
731
734
737
735
738
738
738
739
738
736
733
730
733
733
733
734
736
737
741
738
738
740
740
742
742
740
739
735
737
738
738
735
738
741
741
743
741
740
740
741
743
743
741
740
740
743
739
735
735
736
738
736
738
738
736
735
734
732
731
731
735
735
731
731
732
731
731
731
730
731
735
732
729
732
732
732
734
737
737
736
734
734
736
734
736
734
733
733
733
729
729
732
730
732
730
733
733
731
728
725
728
731
729
733
734
736
733
730
733
733
732
730
732
730
732
730
732
733
733
730
733
736
734
736
736
739
739
739
739
737
737
739
739
736
736
739
739
739
742
738
737
735
737
735
737
735
739
743
743
740
742
742
740
740
742
740
740
742
738
737
735
734
734
734
733
734
735
734
733
734
734
731
733
731
733
731
731
733
733
735
736
738
735
732
735
735
732
734
732
734
738
742
742
742
745
747
747
744
748
752
752
752
754
757
757
757
757
757
757
750
743
741
738
735
733
728
731
734
732
734
732
734
733
730
730
735
736
738
739
739
738
736
736
738
735
735
736
735
730
725
727
724
721
724
724
724
724
724
727
725
727
727
729
729
729
729
727
724
724
724
720
720
720
717
719
720
720
715
714
715
715
715
721
723
723
725
725
727
729
729
731
732
733
735
733
735
736
736
736
739
735
734
732
731
726
726
726
725
723
725
723
726
726
726
729
731
731
730
728
730
728
729
732
735
731
727
727
730
732
732
732
732
727
726
727
727
727
727
727
731
735
732
732
736
740
743
744
746
744
743
739
741
738
738
741
739
741
737
736
737
739
742
742
738
738
738
735
737
736
737
735
737
735
737
735
738
741
738
738
738
735
737
735
737
735
738
738
737
735
734
734
738
738
735
737
738
739
738
734
736
734
734
732
727
731
735
739
737
739
740
740
740
743
741
740
740
740
737
739
737
736
736
736
735
733
735
732
729
727
722
726
727
726
726
726
725
723
722
722
722
722
722
719
718
720
721
722
721
721
721
718
720
719
716
716
720
724
722
725
728
726
727
730
733
730
730
731
733
731
730
730
733
735
740
738
741
741
741
746
751
751
751
751
751
751
750
748
750
747
744
742
742
746
750
747
747
748
747
742
742
742
737
732
732
732
731
729
728
727
725
724
723
721
724
727
725
724
724
724
724
724
724
724
721
723
723
721
724
724
724
725
724
719
719
722
720
722
721
722
720
722
719
716
714
713
711
714
714
711
713
712
709
706
708
705
705
708
706
708
709
716
718
718
720
717
717
720
718
720
721
722
724
722
721
720
721
721
721
721
721
724
725
723
725
725
723
725
723
725
721
720
721
725
723
